432
119
748
74
599
905
518
231
400
771
805
996
433
438
563
669
592
766
477
240
65
961
225
94
502
662
723
648
884
667
907
721
957
114
283
27
62
655
426
598
391
52
40
90
254
925
222
204
542
326
516
774
349
242
857
909
792
726
278
881
236
654
131
653
623
335
468
948
605
577
636
422
657
784
367
199
474
937
210
545
226
414
582
604
532
453
727
548
369
147
492
696
526
844
556
558
233
834
424
929
370
473
100
126
952
770
80
945
708
15
839
360
128
329
994
778
651
64
5
797
638
579
350
451
115
382
874
695
684
89
892
752
821
447
659
250
202
78
434
967
135
185
316
539
658
10
34
971
572
926
939
399
987
555
505
855
885
352
227
127
357
106
888
810
876
915
334
12
372
510
744
81
890
368
207
412
305
944
777
958
73
801
536
469
154
565
291
986
327
902
643
594
407
482
633
509
221
45
122
55
47
418
498
879
738
825
270
314
793
521
656
854
564
46
256
342
851
162
396
688
1000
823
900
538
809
11
437
832
272
276
338
26
79
157
898
281
208
745
315
737
622
50
284
215
179
528
964
397
378
33
842
520
613
299
763
791
30
541
345
591
511
354
184
946
478
672
981
837
205
975
554
804
54
507
42
383
612
585
896
759
807
271
928
956
279
339
22
720
124
151
772
954
875
768
267
833
523
578
531
273
470
244
968
887
930
493
427
38
504
901
292
621
60
214
245
312
180
755
68
515
552
133
880
557
59
828
440
23
253
285
186
942
2
934
584
705
176
775
416
758
72
660
355
568
472
9
575
796
597
642
230
990
333
252
704
442
973
624
673
550
49
560
841
168
802
735
336
444
899
566
488
389
868
216
826
824
152
589
664
736
248
324
974
641
728
104
141
173
761
467
153
527
194
265
540
347
717
275
747
384
882
13
264
181
891
149
158
749
814
760
421
852
95
32
258
501
922
481
827
484
398
263
140
764
296
403
93
201
883
249
724
63
8
452
756
817
160
595
816
740
495
813
318
294
448
602
786
145
343
235
198
699
731
101
788
491
988
475
753
306
697
142
57
165
977
970
787
274
161
362
280
340
610
543
108
733
66
363
573
992
172
690
858
243
611
911
712
84
251
519
99
341
361
61
780
408
457
632
702
615
707
943
781
277
864
255
799
903
962
762
20
463
620
951
628
3
680
829
70
559
953
897
156
183
113
765
947
978
420
635
232
471
645
997
663
479
570
211
35
192
677
269
496
580
640
459
757
983
716
811
374
321
450
178
311
116
44
689
870
729
288
356
739
853
872
196
779
494
869
182
257
678
514
845
966
670
790
524
323
217
634
177
596
37
395
191
371
53
840
206
995
330
923
429
200
439
618
365
831
614
392
931
387
105
174
819
984
803
916
331
405
91
102
665
783
581
86
129
629
714
404
846
268
445
754
863
286
862
220
646
193
295
683
609
189
134
991
431
423
547
551
989
307
148
212
917
144
353
317
239
229
818
112
782
681
718
430
107
682
938
666
746
67
7
358
603
130
895
487
238
561
410
873
213
692
743
366
25
31
924
894
98
701
918
979
843
820
219
425
413
394
767
111
955
443
569
506
497
87
671
309
332
912
920
308
464
164
118
694
867
262
167
500
48
322
687
529
381
980
732
927
21
649
693
960
449
513
419
109
848
963
446
999
631
480
713
150
861
822
223
751
261
715
88
402
590
908
247
798
935
246
476
188
344
346
530
489
998
522
380
571
976
289
932
815
904
304
301
195
259
836
652
71
123
376
700
949
608
512
750
435
769
776
830
461
576
553
388
375
906
910
871
83
297
209
639
486
644
218
69
390
120
601
29
24
169
703
630
187
228
919
411
676
454
893
266
860
627
85
462
171
441
287
137
847
16
139
965
546
18
794
686
889
103
75
155
914
859
117
593
237
499
544
300
711
166
941
406
36
328
1
525
337
508
574
14
379
835
785
549
936
685
460
789
415
679
795
373
359
698
56
121
483
170
800
96
417
159
706
386
533
617
725
806
950
125
600
626
661
586
97
241
637
313
668
436
143
972
4
310
136
567
812
878
28
535
709
865
562
625
51
455
348
933
741
674
517
132
534
76
808
364
675
537
146
503
959
203
710
856
351
838
320
877
940
647
722
234
298
82
849
77
607
850
43
993
730
913
866
110
175
293
377
197
985
490
17
588
19
458
616
385
325
92
719
650
742
39
428
41
921
303
163
282
290
190
734
260
583
393
465
302
456
401
587
466
58
6
886
224
606
969
619
773
319
138
691
485
409
982
